602, 132
601, 133
599, 133
594, 138
594, 140
593, 141
593, 176
592, 177
592, 178
590, 180
580, 180
579, 181
570, 181
569, 182
560, 182
559, 183
550, 183
549, 184
542, 184
541, 185
532, 185
531, 186
524, 186
523, 187
518, 187
517, 188
513, 188
512, 189
509, 189
508, 190
506, 190
505, 191
502, 191
501, 192
499, 192
498, 193
497, 193
496, 194
494, 194
493, 195
491, 195
490, 196
488, 196
487, 197
486, 197
485, 198
483, 198
482, 199
481, 199
480, 200
478, 200
477, 201
476, 201
475, 202
474, 202
473, 203
471, 203
470, 204
469, 204
468, 205
467, 205
466, 206
464, 206
463, 207
462, 207
461, 208
460, 208
459, 209
458, 209
457, 210
456, 210
455, 211
454, 211
452, 213
451, 213
450, 214
449, 214
448, 215
447, 215
445, 217
444, 217
442, 219
441, 219
440, 220
439, 220
436, 223
435, 223
432, 226
431, 226
428, 229
427, 229
424, 232
423, 232
416, 239
415, 239
404, 250
403, 250
392, 261
391, 261
377, 275
376, 275
361, 290
360, 290
360, 291
358, 293
357, 293
341, 309
340, 309
295, 354
294, 354
294, 355
292, 357
291, 357
240, 408
240, 409
236, 413
236, 414
231, 419
231, 420
228, 423
228, 424
225, 427
225, 428
222, 431
222, 432
218, 436
218, 437
215, 440
215, 441
213, 443
213, 444
210, 447
210, 448
207, 451
207, 452
203, 456
203, 457
201, 459
201, 460
198, 463
198, 464
196, 466
196, 467
194, 469
194, 470
192, 472
192, 473
190, 475
190, 476
188, 478
188, 479
186, 481
186, 482
184, 484
184, 485
182, 487
182, 488
180, 490
180, 491
178, 493
178, 494
177, 495
177, 496
174, 499
174, 500
173, 501
173, 502
171, 504
171, 505
169, 507
169, 508
167, 510
167, 511
165, 513
165, 514
163, 516
163, 517
162, 518
162, 519
160, 521
160, 522
158, 524
158, 525
156, 527
156, 528
154, 530
154, 531
153, 532
153, 533
151, 535
151, 536
149, 538
149, 539
148, 540
148, 541
146, 543
146, 544
144, 546
144, 547
143, 548
143, 549
140, 552
140, 553
139, 554
139, 555
137, 557
137, 558
135, 560
135, 561
134, 562
134, 563
132, 565
132, 566
130, 568
130, 569
129, 570
129, 571
127, 573
127, 574
125, 576
125, 577
124, 578
124, 579
123, 580
123, 581
121, 583
121, 584
120, 585
120, 588
119, 589
119, 599
120, 600
120, 602
123, 605
123, 606
125, 608
126, 608
127, 609
128, 609
129, 610
130, 610
131, 611
134, 611
135, 612
137, 612
138, 613
140, 613
141, 614
144, 614
145, 615
147, 615
148, 616
149, 616
150, 617
152, 617
153, 618
156, 618
157, 619
158, 619
160, 621
160, 625
161, 626
161, 642
162, 643
162, 644
163, 645
163, 647
165, 649
165, 650
167, 652
168, 652
169, 653
170, 653
171, 654
172, 654
173, 655
174, 655
175, 656
177, 656
178, 657
181, 657
182, 658
185, 658
186, 659
190, 659
191, 660
194, 660
195, 661
201, 661
202, 662
207, 662
208, 663
214, 663
215, 664
222, 664
223, 665
229, 665
230, 666
239, 666
240, 667
263, 667
264, 666
266, 666
268, 664
269, 664
274, 659
274, 658
275, 657
275, 656
276, 655
276, 651
277, 650
277, 640
276, 639
276, 468
277, 467
277, 464
278, 463
278, 461
279, 460
279, 459
280, 458
280, 457
282, 455
282, 454
286, 450
286, 449
291, 444
291, 443
299, 435
299, 434
306, 427
306, 426
312, 420
312, 419
320, 411
320, 410
329, 401
329, 400
335, 394
336, 394
338, 392
339, 392
340, 391
341, 391
342, 390
343, 390
344, 389
346, 389
347, 388
353, 388
354, 387
372, 387
373, 386
387, 386
388, 385
396, 385
397, 384
420, 384
421, 385
421, 451
422, 452
422, 455
423, 456
423, 457
424, 458
424, 459
427, 462
428, 462
430, 464
431, 464
432, 465
434, 465
435, 466
437, 466
438, 467
441, 467
442, 468
446, 468
447, 469
451, 469
452, 470
458, 470
459, 471
464, 471
465, 472
471, 472
472, 473
479, 473
480, 474
486, 474
487, 475
507, 475
508, 474
510, 474
511, 473
512, 473
513, 472
514, 472
520, 466
520, 465
522, 463
522, 461
523, 460
523, 458
524, 457
524, 454
525, 453
525, 451
526, 450
526, 449
527, 448
527, 445
528, 444
528, 439
529, 438
529, 435
530, 434
530, 430
531, 429
531, 425
532, 424
532, 397
531, 396
531, 333
530, 332
530, 274
531, 273
531, 272
536, 267
538, 267
539, 266
540, 266
541, 265
543, 265
544, 264
545, 264
546, 263
548, 263
549, 262
550, 262
551, 261
553, 261
554, 260
556, 260
557, 259
558, 259
559, 258
561, 258
562, 257
563, 257
564, 256
566, 256
567, 255
569, 255
570, 254
571, 254
572, 253
574, 253
575, 252
577, 252
578, 251
579, 251
580, 250
582, 250
583, 249
585, 249
586, 248
587, 248
588, 247
590, 247
591, 246
592, 246
593, 245
595, 245
596, 244
598, 244
599, 243
601, 243
602, 242
603, 242
604, 241
606, 241
607, 240
609, 240
610, 239
611, 239
612, 238
614, 238
615, 237
616, 237
617, 236
619, 236
620, 235
622, 235
623, 234
625, 234
626, 233
628, 233
629, 232
630, 232
631, 231
633, 231
634, 230
636, 230
637, 229
639, 229
640, 228
647, 228
648, 227
664, 227
665, 228
666, 228
670, 232
670, 233
671, 234
671, 314
670, 315
670, 316
669, 317
669, 318
665, 322
665, 326
666, 326
667, 327
667, 328
668, 329
668, 330
669, 331
669, 332
671, 334
671, 587
672, 588
672, 591
673, 592
673, 595
674, 596
674, 597
675, 598
675, 600
677, 602
677, 603
678, 604
678, 605
685, 612
686, 612
687, 613
688, 613
689, 614
690, 614
691, 615
693, 615
694, 616
699, 616
700, 617
705, 617
706, 616
714, 616
715, 615
723, 615
724, 614
733, 614
734, 613
742, 613
743, 612
751, 612
752, 611
760, 611
761, 610
768, 610
769, 609
778, 609
779, 608
788, 608
789, 607
796, 607
797, 606
804, 606
805, 605
813, 605
814, 604
821, 604
822, 603
830, 603
831, 602
834, 602
835, 601
838, 601
839, 600
841, 600
842, 599
843, 599
844, 598
845, 598
846, 597
848, 597
850, 595
851, 595
853, 593
854, 593
856, 591
857, 591
866, 582
866, 581
868, 579
868, 578
870, 576
870, 575
871, 574
871, 572
873, 570
873, 568
875, 566
875, 565
876, 564
876, 563
877, 562
877, 560
879, 558
879, 557
881, 555
881, 552
882, 551
882, 550
885, 547
885, 546
886, 545
886, 544
887, 543
887, 542
888, 541
888, 540
889, 539
889, 538
891, 536
891, 535
892, 534
892, 533
893, 532
893, 531
895, 529
895, 528
896, 527
896, 526
898, 524
898, 523
900, 521
900, 520
901, 519
901, 518
904, 515
904, 514
906, 512
906, 511
918, 499
919, 499
922, 496
923, 496
924, 495
925, 495
927, 493
928, 493
929, 492
930, 492
931, 491
932, 491
933, 490
935, 490
936, 489
937, 489
938, 488
941, 488
942, 487
945, 487
946, 486
953, 486
954, 485
966, 485
967, 486
974, 486
975, 487
979, 487
980, 488
983, 488
984, 489
986, 489
987, 490
989, 490
990, 491
992, 491
993, 492
994, 492
995, 493
997, 493
998, 494
999, 494
1000, 495
1001, 495
1002, 496
1004, 496
1005, 497
1008, 497
1009, 498
1018, 498
1019, 497
1023, 497
1024, 496
1026, 496
1027, 495
1028, 495
1029, 494
1030, 494
1035, 489
1035, 488
1037, 486
1037, 484
1038, 483
1038, 480
1039, 479
1039, 429
1043, 425
1044, 425
1046, 423
1047, 423
1048, 422
1049, 422
1051, 420
1052, 420
1054, 418
1055, 418
1057, 416
1058, 416
1061, 413
1062, 413
1063, 412
1064, 412
1068, 408
1069, 408
1072, 405
1072, 404
1073, 403
1073, 402
1074, 401
1074, 400
1075, 399
1075, 395
1076, 394
1076, 389
1075, 388
1075, 385
1074, 384
1074, 382
1073, 381
1073, 380
1071, 378
1071, 377
1067, 373
1067, 372
1060, 365
1060, 364
1050, 354
1050, 353
1038, 341
1038, 340
1036, 338
1035, 338
1033, 336
1032, 336
1030, 334
1029, 334
1028, 333
1027, 333
1026, 332
1024, 332
1022, 330
1021, 330
1020, 329
1019, 329
1018, 328
1017, 328
1016, 327
1015, 327
1014, 326
1013, 326
1012, 325
1011, 325
1010, 324
1009, 324
1008, 323
1006, 323
1004, 321
1003, 321
1002, 320
1001, 320
1000, 319
999, 319
998, 318
997, 318
996, 317
994, 317
992, 315
991, 315
990, 314
989, 314
988, 313
987, 313
986, 312
985, 312
984, 311
983, 311
982, 310
981, 310
980, 309
979, 309
978, 308
977, 308
976, 307
975, 307
974, 306
973, 306
972, 305
971, 305
970, 304
969, 304
968, 303
967, 303
966, 302
965, 302
964, 301
963, 301
962, 300
961, 300
960, 299
959, 299
958, 298
957, 298
956, 297
955, 297
954, 296
953, 296
952, 295
951, 295
950, 294
949, 294
948, 293
947, 293
946, 292
945, 292
944, 291
943, 291
942, 290
941, 290
940, 289
939, 289
938, 288
937, 288
936, 287
935, 287
934, 286
933, 286
932, 285
931, 285
930, 284
929, 284
928, 283
927, 283
926, 282
925, 282
924, 281
923, 281
922, 280
921, 280
919, 278
918, 278
917, 277
916, 277
915, 276
914, 276
913, 275
912, 275
911, 274
910, 274
909, 273
907, 273
905, 271
904, 271
903, 270
902, 270
901, 269
900, 269
899, 268
898, 268
897, 267
896, 267
895, 266
894, 266
893, 265
892, 265
891, 264
890, 264
889, 263
888, 263
887, 262
886, 262
885, 261
884, 261
883, 260
882, 260
881, 259
880, 259
879, 258
878, 258
877, 257
876, 257
875, 256
874, 256
873, 255
872, 255
871, 254
870, 254
869, 253
868, 253
867, 252
866, 252
865, 251
864, 251
863, 250
862, 250
861, 249
860, 249
859, 248
858, 248
857, 247
856, 247
855, 246
854, 246
853, 245
852, 245
851, 244
850, 244
849, 243
848, 243
847, 242
845, 242
844, 241
843, 241
842, 240
840, 240
839, 239
838, 239
837, 238
835, 238
834, 237
833, 237
832, 236
830, 236
829, 235
827, 235
826, 234
825, 234
824, 233
822, 233
821, 232
819, 232
818, 231
817, 231
816, 230
814, 230
813, 229
811, 229
810, 228
809, 228
808, 227
806, 227
805, 226
804, 226
803, 225
801, 225
800, 224
799, 224
798, 223
797, 223
796, 222
795, 222
794, 221
793, 221
792, 220
791, 220
790, 219
789, 219
788, 218
787, 218
786, 217
785, 217
784, 216
783, 216
782, 215
781, 215
780, 214
779, 214
778, 213
777, 213
776, 212
775, 212
774, 211
773, 211
772, 210
771, 210
770, 209
769, 209
768, 208
767, 208
766, 207
765, 207
764, 206
762, 206
761, 205
760, 205
758, 203
756, 203
754, 201
752, 201
751, 200
750, 200
749, 199
748, 199
747, 198
746, 198
745, 197
744, 197
743, 196
742, 196
741, 195
740, 195
739, 194
738, 194
737, 193
736, 193
735, 192
734, 192
733, 191
732, 191
731, 190
730, 190
729, 189
728, 189
727, 188
726, 188
725, 187
724, 187
723, 186
722, 186
721, 185
720, 185
719, 184
718, 184
717, 183
716, 183
715, 182
713, 182
711, 180
709, 180
708, 179
707, 179
706, 178
705, 178
704, 177
703, 177
702, 176
701, 176
700, 175
699, 175
698, 174
697, 174
696, 173
695, 173
694, 172
693, 172
692, 171
691, 171
690, 170
689, 170
688, 169
687, 169
686, 168
685, 168
684, 167
683, 167
682, 166
681, 166
680, 165
679, 165
678, 164
677, 164
676, 163
675, 163
674, 162
672, 162
670, 160
668, 160
667, 159
666, 159
665, 158
664, 158
663, 157
662, 157
661, 156
660, 156
659, 155
658, 155
657, 154
656, 154
655, 153
654, 153
653, 152
652, 152
651, 151
650, 151
649, 150
648, 150
647, 149
646, 149
645, 148
644, 148
643, 147
641, 147
640, 146
638, 146
636, 144
635, 144
633, 142
631, 142
630, 141
629, 141
628, 140
627, 140
626, 139
625, 139
624, 138
623, 138
622, 137
621, 137
620, 136
619, 136
618, 135
616, 135
615, 134
614, 134
613, 133
610, 133
609, 132