608, 151
609, 150
614, 150
615, 151
616, 151
617, 152
618, 152
619, 153
620, 153
621, 154
622, 154
623, 155
624, 155
625, 156
626, 156
627, 157
629, 157
630, 158
631, 158
632, 159
633, 159
634, 160
635, 160
636, 161
637, 161
638, 162
639, 162
640, 163
641, 163
642, 164
643, 164
644, 165
645, 165
646, 166
647, 166
648, 167
649, 167
650, 168
651, 168
652, 169
653, 169
654, 170
655, 170
656, 171
657, 171
658, 172
659, 172
660, 173
661, 173
662, 174
663, 174
664, 175
665, 175
666, 176
668, 176
669, 177
670, 177
671, 178
672, 178
673, 179
675, 179
676, 180
677, 180
679, 182
680, 182
681, 183
682, 183
683, 184
684, 184
685, 185
686, 185
687, 186
688, 186
689, 187
690, 187
691, 188
692, 188
693, 189
694, 189
695, 190
696, 190
697, 191
698, 191
699, 192
700, 192
701, 193
702, 193
703, 194
704, 194
705, 195
707, 195
709, 197
711, 197
712, 198
713, 198
714, 199
715, 199
716, 200
717, 200
718, 201
719, 201
720, 202
721, 202
722, 203
723, 203
724, 204
725, 204
726, 205
727, 205
728, 206
729, 206
730, 207
731, 207
732, 208
733, 208
734, 209
735, 209
736, 210
737, 210
738, 211
739, 211
740, 212
741, 212
742, 213
743, 213
744, 214
745, 214
746, 215
747, 215
748, 216
749, 216
750, 217
751, 217
752, 218
753, 218
754, 219
756, 219
758, 221
760, 221
761, 222
762, 222
763, 223
764, 223
765, 224
766, 224
767, 225
768, 225
769, 226
770, 226
771, 227
772, 227
773, 228
774, 228
775, 229
776, 229
777, 230
778, 230
779, 231
780, 231
781, 232
782, 232
783, 233
784, 233
785, 234
786, 234
787, 235
788, 235
789, 236
790, 236
791, 237
792, 237
793, 238
795, 238
796, 239
797, 239
798, 240
799, 240
800, 241
802, 241
803, 242
805, 242
806, 243
807, 243
808, 244
810, 244
811, 245
812, 245
813, 246
815, 246
816, 247
818, 247
819, 248
820, 248
821, 249
823, 249
824, 250
825, 250
826, 251
828, 251
829, 252
831, 252
832, 253
833, 253
834, 254
836, 254
837, 255
838, 255
839, 256
840, 256
841, 257
843, 257
844, 258
845, 258
846, 259
847, 259
848, 260
849, 260
850, 261
851, 261
852, 262
853, 262
854, 263
855, 263
856, 264
857, 264
858, 265
859, 265
860, 266
861, 266
862, 267
863, 267
864, 268
865, 268
866, 269
867, 269
868, 270
869, 270
870, 271
871, 271
872, 272
873, 272
874, 273
875, 273
876, 274
877, 274
878, 275
879, 275
880, 276
881, 276
882, 277
883, 277
884, 278
885, 278
886, 279
887, 279
889, 281
891, 281
892, 282
893, 282
895, 284
897, 284
899, 286
900, 286
901, 287
902, 287
903, 288
904, 288
905, 289
906, 289
907, 290
908, 290
909, 291
910, 291
911, 292
912, 292
913, 293
914, 293
915, 294
916, 294
917, 295
918, 295
919, 296
920, 296
921, 297
922, 297
923, 298
924, 298
925, 299
926, 299
927, 300
928, 300
929, 301
930, 301
931, 302
932, 302
934, 304
936, 304
937, 305
938, 305
939, 306
940, 306
941, 307
942, 307
944, 309
945, 309
946, 310
948, 310
949, 311
950, 311
952, 313
953, 313
954, 314
956, 314
958, 316
960, 316
962, 318
963, 318
964, 319
966, 319
967, 320
968, 320
970, 322
971, 322
972, 323
973, 323
974, 324
975, 324
976, 325
978, 325
979, 326
980, 326
982, 328
983, 328
984, 329
985, 329
986, 330
987, 330
988, 331
990, 331
992, 333
993, 333
994, 334
996, 334
998, 336
999, 336
1000, 337
1001, 337
1002, 338
1003, 338
1004, 339
1005, 339
1006, 340
1008, 340
1010, 342
1011, 342
1012, 343
1013, 343
1014, 344
1015, 344
1016, 345
1017, 345
1018, 346
1019, 346
1020, 347
1021, 347
1022, 348
1023, 348
1024, 349
1025, 349
1028, 352
1028, 353
1038, 363
1038, 364
1047, 373
1047, 374
1055, 382
1055, 383
1060, 388
1060, 395
1058, 397
1057, 397
1054, 400
1053, 400
1051, 402
1050, 402
1047, 405
1046, 405
1045, 406
1044, 406
1041, 409
1040, 409
1039, 410
1038, 410
1037, 411
1036, 411
1034, 413
1033, 413
1030, 416
1029, 416
1029, 417
1026, 420
1026, 421
1025, 422
1025, 424
1024, 425
1024, 477
1023, 478
1023, 479
1020, 482
1017, 482
1016, 483
1011, 483
1010, 482
1008, 482
1007, 481
1006, 481
1005, 480
1003, 480
1002, 479
1001, 479
1000, 478
999, 478
998, 477
996, 477
995, 476
994, 476
993, 475
990, 475
989, 474
987, 474
986, 473
983, 473
982, 472
978, 472
977, 471
966, 471
965, 470
953, 470
952, 471
944, 471
943, 472
939, 472
938, 473
936, 473
935, 474
932, 474
931, 475
929, 475
928, 476
927, 476
926, 477
925, 477
924, 478
923, 478
922, 479
921, 479
920, 480
919, 480
918, 481
917, 481
915, 483
914, 483
912, 485
911, 485
908, 488
907, 488
901, 494
900, 494
900, 495
895, 500
895, 501
892, 504
892, 505
889, 508
889, 509
887, 511
887, 512
885, 514
885, 515
884, 516
884, 517
882, 519
882, 520
881, 521
881, 522
880, 523
880, 524
879, 525
879, 526
877, 528
877, 529
876, 530
876, 531
875, 532
875, 533
873, 535
873, 536
872, 537
872, 538
871, 539
871, 540
870, 541
870, 542
869, 543
869, 544
868, 545
868, 546
866, 548
866, 549
865, 550
865, 551
864, 552
864, 553
863, 554
863, 555
862, 556
862, 557
861, 558
861, 559
860, 560
860, 561
859, 562
859, 563
858, 564
858, 565
857, 566
857, 567
856, 568
856, 569
854, 571
854, 572
848, 578
847, 578
843, 582
842, 582
841, 583
840, 583
839, 584
838, 584
837, 585
836, 585
835, 586
833, 586
832, 587
829, 587
828, 588
822, 588
821, 589
812, 589
811, 590
804, 590
803, 591
796, 591
795, 592
786, 592
785, 593
777, 593
776, 594
768, 594
767, 595
759, 595
758, 596
751, 596
750, 597
741, 597
740, 598
731, 598
730, 599
722, 599
721, 600
714, 600
713, 601
698, 601
697, 600
696, 600
695, 599
694, 599
690, 595
690, 594
689, 593
689, 592
688, 591
688, 590
687, 589
687, 585
686, 584
686, 335
689, 332
689, 331
690, 330
690, 329
692, 327
692, 321
691, 321
690, 320
690, 318
686, 314
686, 232
685, 231
685, 228
684, 227
684, 225
682, 223
682, 222
677, 217
676, 217
674, 215
673, 215
672, 214
671, 214
670, 213
668, 213
667, 212
644, 212
643, 213
637, 213
636, 214
633, 214
632, 215
630, 215
629, 216
628, 216
627, 217
625, 217
624, 218
622, 218
621, 219
620, 219
619, 220
617, 220
616, 221
614, 221
613, 222
612, 222
611, 223
609, 223
608, 224
606, 224
605, 225
604, 225
603, 226
601, 226
600, 227
598, 227
597, 228
596, 228
595, 229
593, 229
592, 230
590, 230
589, 231
588, 231
587, 232
585, 232
584, 233
582, 233
581, 234
580, 234
579, 235
577, 235
576, 236
574, 236
573, 237
572, 237
571, 238
569, 238
568, 239
566, 239
565, 240
564, 240
563, 241
561, 241
560, 242
558, 242
557, 243
556, 243
555, 244
553, 244
552, 245
551, 245
550, 246
548, 246
547, 247
545, 247
544, 248
543, 248
542, 249
540, 249
539, 250
538, 250
537, 251
535, 251
534, 252
533, 252
532, 253
530, 253
528, 255
527, 255
526, 256
525, 256
518, 263
518, 264
517, 265
517, 266
516, 267
516, 269
515, 270
515, 363
516, 364
516, 426
515, 427
515, 432
514, 433
514, 435
513, 436
513, 439
512, 440
512, 444
511, 445
511, 447
510, 448
510, 450
509, 451
509, 453
508, 454
508, 456
504, 460
490, 460
489, 459
482, 459
481, 458
475, 458
474, 457
467, 457
466, 456
461, 456
460, 455
455, 455
454, 454
449, 454
448, 453
444, 453
443, 452
441, 452
440, 451
439, 451
437, 449
437, 385
436, 384
436, 379
435, 378
435, 377
434, 376
434, 375
430, 371
429, 371
428, 370
427, 370
426, 369
425, 369
424, 368
410, 368
409, 369
397, 369
396, 370
382, 370
381, 371
359, 371
358, 372
348, 372
347, 373
344, 373
343, 374
340, 374
339, 375
338, 375
337, 376
335, 376
334, 377
333, 377
332, 378
331, 378
329, 380
328, 380
326, 382
325, 382
317, 390
317, 391
309, 399
309, 400
301, 408
301, 409
294, 416
294, 417
287, 424
287, 425
281, 431
281, 432
275, 438
275, 440
274, 441
273, 441
273, 444
272, 445
270, 445
270, 446
269, 447
269, 448
266, 451
266, 452
265, 453
265, 454
264, 455
264, 457
263, 458
263, 460
262, 461
262, 465
261, 466
261, 643
262, 644
262, 648
261, 649
261, 650
260, 651
259, 651
258, 652
249, 652
248, 651
232, 651
231, 650
224, 650
223, 649
217, 649
216, 648
213, 648
212, 647
207, 647
206, 646
198, 646
197, 645
193, 645
192, 644
189, 644
188, 643
186, 643
185, 642
182, 642
181, 641
178, 641
176, 639
176, 624
175, 623
175, 618
174, 617
174, 616
173, 615
173, 614
171, 612
171, 611
167, 607
166, 607
165, 606
164, 606
163, 605
162, 605
161, 604
159, 604
158, 603
156, 603
155, 602
153, 602
152, 601
150, 601
149, 600
148, 600
147, 599
144, 599
143, 598
141, 598
140, 597
137, 597
135, 595
135, 590
136, 589
136, 588
137, 587
137, 585
141, 581
141, 580
142, 579
142, 578
145, 575
145, 574
146, 573
146, 572
147, 571
147, 570
149, 568
149, 567
151, 565
151, 564
152, 563
152, 562
155, 559
155, 558
156, 557
156, 556
158, 554
158, 553
160, 551
160, 550
161, 549
161, 548
163, 546
163, 545
165, 543
165, 542
166, 541
166, 540
169, 537
169, 536
170, 535
170, 534
171, 533
171, 532
174, 529
174, 528
175, 527
175, 526
177, 524
177, 523
179, 521
179, 520
180, 519
180, 518
183, 515
183, 514
184, 513
184, 512
186, 510
186, 509
188, 507
188, 506
190, 504
190, 503
191, 502
191, 501
194, 498
194, 497
195, 496
195, 495
198, 492
198, 491
199, 490
199, 489
201, 487
201, 486
204, 483
204, 482
205, 481
205, 480
208, 477
208, 476
210, 474
210, 473
212, 471
212, 470
215, 467
215, 466
218, 463
218, 462
221, 459
221, 458
224, 455
224, 454
227, 451
227, 450
230, 447
230, 446
233, 443
233, 442
236, 439
236, 438
239, 435
239, 434
243, 430
243, 429
246, 426
246, 425
251, 420
251, 419
302, 368
303, 368
351, 320
352, 320
370, 302
371, 302
387, 286
388, 286
402, 272
403, 272
414, 261
415, 261
425, 251
426, 251
434, 243
435, 243
438, 240
439, 240
442, 237
443, 237
446, 234
447, 234
449, 232
450, 232
452, 230
453, 230
455, 228
456, 228
457, 227
458, 227
459, 226
460, 226
461, 225
462, 225
464, 223
465, 223
466, 222
468, 222
469, 221
470, 221
471, 220
472, 220
473, 219
474, 219
475, 218
476, 218
477, 217
478, 217
479, 216
481, 216
482, 215
483, 215
484, 214
486, 214
487, 213
488, 213
489, 212
490, 212
491, 211
493, 211
494, 210
496, 210
497, 209
499, 209
500, 208
501, 208
502, 207
504, 207
505, 206
507, 206
508, 205
511, 205
512, 204
515, 204
516, 203
519, 203
520, 202
525, 202
526, 201
533, 201
534, 200
542, 200
543, 199
551, 199
552, 198
561, 198
562, 197
570, 197
571, 196
581, 196
582, 195
593, 195
594, 194
596, 194
597, 193
598, 193
599, 192
600, 192
605, 187
605, 186
606, 185
606, 183
607, 182
607, 179
608, 178
